0 0 6.0 0.9964658 0.44761848 0.79922307 0.636484 0.9990165
0 0 6.0 0.9926846 0.6256052 0.41670576 0.7727746 0.6113744
0 0 6.0 0.9909576 0.41138664 0.52425796 0.565031 0.7282223
0 0 6.0 0.7625304 0.46290958 0.27411702 0.5801413 0.42207375
0 0 6.0 0.5397627 0.32432455 0.3768512 0.45632356 0.5337407
0 0 6.0 0.5151661 0.23920405 0.29027542 0.33928704 0.39405224
0 1 6.0 0.9954222 0.4476024 0.8018652 0.6383569 0.999107
0 1 6.0 0.9947024 0.6328486 0.42395604 0.7784077 0.61978865
0 1 6.0 0.9942959 0.4122646 0.52957237 0.5671026 0.72978914
0 1 6.0 0.75062346 0.46419716 0.27610734 0.5803963 0.42358008
0 1 6.0 0.71419823 0.32460123 0.3757468 0.4591242 0.53584516
0 2 6.0 0.9957278 0.6323187 0.4245882 0.78010625 0.62362313
0 2 6.0 0.9954581 0.44869736 0.79723966 0.6356695 0.99862444
0 2 6.0 0.99536765 0.41554058 0.5354352 0.56903505 0.73269737
0 2 6.0 0.7513974 0.3247918 0.38018942 0.46177834 0.5379879
0 2 6.0 0.7030364 0.4662448 0.2769456 0.5836398 0.42435664
0 2 6.0 0.554539 0.15724075 0.26623008 0.22998261 0.3284438
0 3 6.0 0.9956665 0.6363875 0.4295171 0.7820316 0.6276184
0 3 6.0 0.9953695 0.4172466 0.5385296 0.56967604 0.7418962
0 3 6.0 0.99379057 0.44797772 0.8013418 0.63618046 0.9989108
0 3 6.0 0.7438225 0.46737447 0.2774003 0.5851761 0.42537832
0 3 6.0 0.730457 0.32653657 0.37936896 0.46191618 0.53887945
0 3 6.0 0.5816065 0.15328567 0.263449 0.23195316 0.33066547
0 3 6.0 0.50847656 0.23733586 0.2853815 0.34301186 0.39693278
0 4 6.0 0.99590504 0.6332835 0.43035203 0.7812604 0.6273057
0 4 6.0 0.9953324 0.44634545 0.80734247 0.6426655 1.0003979
0 4 6.0 0.9921017 0.42020932 0.5421284 0.5703625 0.745534
0 4 6.0 0.76590705 0.46934956 0.27757213 0.58908993 0.4262494
0 4 6.0 0.6769443 0.32981002 0.3832909 0.4681487 0.53549635
0 4 6.0 0.6063367 0.15392818 0.26326203 0.22683792 0.32903433
0 4 6.0 0.5157266 0.23867664 0.27957267 0.34380683 0.39625084
0 5 6.0 0.9962993 0.63596576 0.43572846 0.7831666 0.6339741
0 5 6.0 0.9944224 0.41992214 0.5362035 0.56904554 0.74747705
0 5 6.0 0.99090064 0.4423406 0.8143059 0.63891053 0.9975538
0 5 6.0 0.73141354 0.32889262 0.38311115 0.46723238 0.53826076
0 5 6.0 0.60112834 0.15275127 0.26547444 0.22210583 0.330903
0 5 6.0 0.59949976 0.4715327 0.28082255 0.5918398 0.42368802
0 5 6.0 0.5123044 0.23823678 0.2790615 0.34526253 0.39731568
0 6 6.0 0.99575377 0.4200381 0.5351944 0.5717191 0.7552264
0 6 6.0 0.9954893 0.63374555 0.43494856 0.78333414 0.64387953
0 6 6.0 0.9853838 0.43881288 0.8215549 0.64186335 0.9976455
0 6 6.0 0.7612601 0.32839853 0.38451603 0.47002 0.5335059
0 6 6.0 0.5797554 0.4731653 0.28508806 0.59451634 0.42605776
0 6 6.0 0.56274647 0.1554805 0.26202443 0.22740743 0.3309814
0 6 6.0 0.53878814 0.23605242 0.27928638 0.34508172 0.3980533
0 7 6.0 0.9975635 0.4208349 0.5413753 0.57357126 0.7586535
0 7 6.0 0.9943305 0.6371515 0.44222453 0.7851727 0.6482023
0 7 6.0 0.97284377 0.43998387 0.8299627 0.64668 0.99836046
0 7 6.0 0.75751835 0.32970208 0.38174394 0.4725284 0.5329102
0 7 6.0 0.5543653 0.23304555 0.27695498 0.34585676 0.39809248
0 7 6.0 0.53619385 0.15243363 0.25800547 0.22920486 0.3315641
0 8 6.0 0.9988103 0.42184556 0.54156923 0.57477766 0.7594632
0 8 6.0 0.99550736 0.6430491 0.4458222 0.78703177 0.64712715
0 8 6.0 0.9852704 0.43751204 0.8355536 0.64969075 1.0000967
0 8 6.0 0.7784251 0.33082 0.38101754 0.47308323 0.53629327
0 8 6.0 0.5404864 0.23445731 0.27780375 0.34518248 0.39984736
0 8 6.0 0.54029405 0.15315573 0.2612576 0.22792171 0.33286452
0 9 6.0 0.999355 0.42256698 0.54844683 0.57521296 0.7695605
0 9 6.0 0.9940177 0.6440102 0.43942884 0.79083323 0.63826585
0 9 6.0 0.9703958 0.43586096 0.8429302 0.6556588 1.0031971
0 9 6.0 0.748872 0.33267248 0.3914472 0.47453958 0.53468776
0 9 6.0 0.5373882 0.15627566 0.26162016 0.23332405 0.33168423
0 9 6.0 0.5026136 0.23626822 0.28299993 0.34510648 0.39574665
0 10 6.0 0.99924797 0.42167485 0.54475015 0.5775272 0.7752362
0 10 6.0 0.9981523 0.6466424 0.44186467 0.7940878 0.6436898
0 10 6.0 0.9702656 0.4347592 0.8515484 0.65605015 1.0078449
0 10 6.0 0.7491918 0.33480927 0.41640604 0.47351792 0.56618077
0 10 6.0 0.5566422 0.1539985 0.26001176 0.23333454 0.33104357
0 11 6.0 0.99908936 0.6443073 0.443894 0.7950683 0.64871514
0 11 6.0 0.9989317 0.4227776 0.5486953 0.57695484 0.77412474
0 11 6.0 0.96044576 0.43463212 0.8542244 0.65445596 1.0118973
0 11 6.0 0.74822956 0.3352438 0.41257614 0.47296855 0.5647692
0 11 6.0 0.53219783 0.15715145 0.25949806 0.23314615 0.3280313
0 12 6.0 0.99965906 0.6489596 0.44594312 0.79974335 0.65084815
0 12 6.0 0.99900717 0.42363244 0.5532295 0.5792362 0.77897996
0 12 6.0 0.9310904 0.43639463 0.8570766 0.6492079 1.0085188
0 12 6.0 0.8177469 0.3369805 0.41083014 0.47572204 0.56641203
0 12 6.0 0.56836367 0.15590571 0.25823006 0.23315822 0.32884857
0 13 6.0 0.99970645 0.6489603 0.4484045 0.7997981 0.65137297
0 13 6.0 0.99782467 0.4249113 0.5518857 0.5786351 0.7804338
0 13 6.0 0.92743635 0.4354539 0.8613972 0.65692353 1.0091904
0 13 6.0 0.7527264 0.33868337 0.42278332 0.47825766 0.56746393
0 13 6.0 0.57959056 0.15300825 0.2532221 0.23405871 0.32935125
0 14 6.0 0.9995216 0.65031976 0.44709754 0.80280775 0.65381396
0 14 6.0 0.99751914 0.42424908 0.56085587 0.5840498 0.78413475
0 14 6.0 0.85836554 0.44372034 0.8620766 0.6523495 1.0036374
0 14 6.0 0.7154946 0.34331053 0.42035097 0.48148507 0.56705594
0 14 6.0 0.6484704 0.15086947 0.25549644 0.23361816 0.3311038
0 15 6.0 0.9996325 0.65134037 0.44938812 0.8017616 0.65703857
0 15 6.0 0.99890006 0.42693493 0.56903297 0.5855883 0.7922067
0 15 6.0 0.82851416 0.33911932 0.41652635 0.48308742 0.57328546
0 15 6.0 0.73129475 0.4479262 0.86486924 0.65301025 1.0017387
0 15 6.0 0.6624075 0.33768362 0.35706204 0.47387183 0.4733885
0 15 6.0 0.6082051 0.15337813 0.2538831 0.23167542 0.33024988
0 16 6.0 0.99972564 0.65353215 0.45063174 0.8048445 0.6608064
0 16 6.0 0.9988193 0.42688766 0.57505244 0.5881983 0.7983609
0 16 6.0 0.84126174 0.338867 0.4201687 0.48383033 0.57233566
0 16 6.0 0.66589797 0.46093664 0.86791855 0.6583985 1.0030955
0 16 6.0 0.56147814 0.33711985 0.36026686 0.46931782 0.46988982
0 16 6.0 0.54261726 0.15487385 0.25434008 0.23120949 0.33016822
0 17 6.0 0.9997336 0.6555493 0.45481485 0.81118774 0.667919
0 17 6.0 0.9987709 0.42737678 0.5821713 0.5902909 0.79931176
0 17 6.0 0.8754762 0.34235173 0.4127911 0.4834625 0.5743173
0 17 6.0 0.54465634 0.45516887 0.8798192 0.65715957 1.0067734
0 17 6.0 0.50199044 0.33836865 0.36141053 0.4709041 0.47211227
0 18 6.0 0.9995634 0.6572032 0.4573614 0.8144331 0.6700538
0 18 6.0 0.99737155 0.43034685 0.5818962 0.59163725 0.8022815
0 18 6.0 0.7556361 0.3460983 0.42715463 0.48761547 0.57496035
0 18 6.0 0.5729125 0.15681651 0.25161922 0.23450527 0.3294043
0 19 6.0 0.99921775 0.65961623 0.4623432 0.81618536 0.67448866
0 19 6.0 0.9990363 0.42821264 0.58364195 0.5940187 0.80502707
0 19 6.0 0.76183563 0.34421605 0.42875627 0.48603582 0.5779693
0 19 6.0 0.5556418 0.15460497 0.24827883 0.23285091 0.32920435
0 20 6.0 0.99936944 0.42665353 0.58414984 0.5943083 0.8094722
0 20 6.0 0.9980415 0.65976787 0.46048403 0.8192674 0.67608786
0 20 6.0 0.6332143 0.344174 0.42868215 0.48844466 0.57513136
0 20 6.0 0.534407 0.48805386 0.29666728 0.6097271 0.45735335
0 20 6.0 0.52583075 0.15718707 0.2511763 0.2318168 0.3281659
0 21 6.0 0.9991196 0.43355304 0.5844253 0.5971597 0.8118436
0 21 6.0 0.9958383 0.6607491 0.45894736 0.8186177 0.6802798
0 21 6.0 0.7278229 0.34557277 0.4384703 0.48748302 0.5800156
0 21 6.0 0.5522375 0.15864517 0.25269458 0.2315679 0.3280249
0 22 6.0 0.9988225 0.43744093 0.5856452 0.59686166 0.82176185
0 22 6.0 0.9904745 0.6592416 0.46273232 0.8186205 0.6763723
0 22 6.0 0.749778 0.34817743 0.4283284 0.4918291 0.58191466
0 22 6.0 0.65842515 0.15415172 0.2438058 0.23487271 0.32992658
0 22 6.0 0.55117875 0.49582404 0.29774728 0.61188406 0.45595077
0 23 6.0 0.9989371 0.43926632 0.5847388 0.59828436 0.82530695
0 23 6.0 0.9885062 0.66330314 0.4653079 0.82303333 0.68757087
0 23 6.0 0.67672384 0.3483405 0.4275578 0.49224102 0.5776947
0 23 6.0 0.6044974 0.15617874 0.24505773 0.23418829 0.32918718
0 23 6.0 0.5827604 0.495221 0.29629412 0.6134573 0.4563087
0 23 6.0 0.5591979 0.34719414 0.38180792 0.4858693 0.50232947
0 24 6.0 0.9983981 0.44121495 0.58682346 0.6013533 0.8303999
0 24 6.0 0.992986 0.6673049 0.46641332 0.82666457 0.69306177
0 24 6.0 0.6498227 0.15476632 0.2434931 0.2340346 0.3292997
0 24 6.0 0.58532137 0.34967828 0.43562293 0.488824 0.57592106
0 24 6.0 0.541744 0.34603032 0.36711535 0.48032323 0.4740319
0 25 6.0 0.997827 0.6666453 0.4669842 0.8274517 0.6956162
0 25 6.0 0.996867 0.44007644 0.59316444 0.60075176 0.8343693
0 25 6.0 0.6814037 0.15553762 0.24399218 0.23550124 0.32884923
0 25 6.0 0.61929595 0.35128963 0.42890885 0.4922359 0.5791472
0 25 6.0 0.59175843 0.5000192 0.29937336 0.6147655 0.4551424
0 25 6.0 0.53036654 0.3499263 0.38133752 0.48780668 0.50301284
0 26 6.0 0.9968651 0.4400296 0.6030634 0.6019931 0.83860725
0 26 6.0 0.9932713 0.67058885 0.46656838 0.82969415 0.6953802
0 26 6.0 0.6706077 0.15667516 0.24944313 0.23664859 0.32894707
0 26 6.0 0.62765443 0.35143918 0.4338325 0.49338704 0.58492225
0 27 6.0 0.99646544 0.6705285 0.47387418 0.83065575 0.6975499
0 27 6.0 0.98723894 0.4462855 0.6057762 0.60197306 0.84610724
0 27 6.0 0.67352223 0.15669984 0.24661137 0.23843601 0.32944012
0 27 6.0 0.56917036 0.3499505 0.42842495 0.49417794 0.57904315
0 27 6.0 0.55009305 0.34982824 0.3873676 0.48936307 0.50825536
0 27 6.0 0.52542365 0.50295043 0.30350152 0.6141306 0.456351
0 28 6.0 0.9980354 0.67416996 0.47984523 0.8334902 0.69998187
0 28 6.0 0.98529875 0.44308835 0.61137223 0.60240084 0.85612917
0 28 6.0 0.7193794 0.15488356 0.2458888 0.23884413 0.3295674
0 28 6.0 0.5270177 0.5023298 0.30306002 0.6157265 0.45631835
0 29 6.0 0.998295 0.6764646 0.48534852 0.83902305 0.7017016
0 29 6.0 0.99162287 0.44716838 0.62290466 0.6097215 0.856096
0 29 6.0 0.70722437 0.156114 0.2485477 0.23735751 0.32903215
0 30 6.0 0.99693227 0.44811687 0.6259903 0.6120007 0.8587948
0 30 6.0 0.99513865 0.6808542 0.48713088 0.8401197 0.7035543
0 30 6.0 0.6519549 0.15703024 0.2502512 0.2358913 0.3282611
0 30 6.0 0.6194579 0.36114338 0.46521056 0.5060828 0.6198683
0 30 6.0 0.5515383 0.50333124 0.30335552 0.6162519 0.45757043
0 31 6.0 0.9969099 0.6819217 0.48707834 0.8413292 0.7087796
0 31 6.0 0.99553865 0.44899714 0.6303647 0.6145381 0.86025816
0 31 6.0 0.73804337 0.35707283 0.46199664 0.5050734 0.6217358
0 31 6.0 0.6548233 0.157093 0.24837463 0.23704873 0.33028582
0 31 6.0 0.54536426 0.5029469 0.3055891 0.61757964 0.46075234
0 31 6.0 0.5243939 0.34716183 0.3826102 0.48974782 0.5080989
0 32 6.0 0.9980604 0.684389 0.4966389 0.842033 0.71401167
0 32 6.0 0.99702924 0.44960788 0.62782514 0.6151485 0.86521196
0 32 6.0 0.7590275 0.35927817 0.4625888 0.5050964 0.6244819
0 32 6.0 0.6579566 0.16023065 0.2507454 0.2355306 0.328339
0 32 6.0 0.61629856 0.50309503 0.30274373 0.61956537 0.46232837
0 33 6.0 0.9991054 0.44895095 0.6296641 0.6193641 0.8754408
0 33 6.0 0.99805474 0.6851263 0.4997486 0.8428494 0.7148224
0 33 6.0 0.7737754 0.36670843 0.46444315 0.5097146 0.6234464
0 33 6.0 0.6769263 0.5024067 0.3017975 0.6217009 0.46568954
0 33 6.0 0.6112539 0.16244265 0.25103953 0.23480883 0.32719317
0 34 6.0 0.9989849 0.45014402 0.63221675 0.6199088 0.8813662
0 34 6.0 0.99765176 0.686505 0.5014099 0.8467546 0.72057843
0 34 6.0 0.6493195 0.3656849 0.46683806 0.5086325 0.62526983
0 34 6.0 0.6307678 0.15713763 0.24775931 0.23772827 0.328886
0 34 6.0 0.5086211 0.50409365 0.30419508 0.6206467 0.4667985
0 35 6.0 0.99943227 0.4459985 0.6304347 0.62063116 0.8844189
0 35 6.0 0.9970476 0.6907736 0.50946915 0.84885 0.72317445
0 35 6.0 0.829334 0.36993313 0.46578515 0.51042587 0.62723064
0 35 6.0 0.6369914 0.5039014 0.30053955 0.62922615 0.46247017
0 35 6.0 0.5919695 0.16183689 0.24924025 0.23698857 0.32817253
0 35 6.0 0.5351885 0.3491099 0.38032103 0.48943794 0.5127679
0 36 6.0 0.9993919 0.44470692 0.63447607 0.6222068 0.89000225
0 36 6.0 0.9990119 0.69177914 0.5112147 0.8540491 0.72586983
0 36 6.0 0.75411624 0.3725006 0.4676407 0.513389 0.6290701
0 36 6.0 0.7137687 0.5026057 0.3005705 0.63012254 0.4649127
0 36 6.0 0.56693864 0.16434485 0.2498596 0.23635224 0.32713285
0 37 6.0 0.9984596 0.4461953 0.64380527 0.6246421 0.89933276
0 37 6.0 0.9979037 0.6966786 0.5141874 0.85582894 0.72682375
0 37 6.0 0.80222136 0.5070747 0.30152094 0.63397264 0.4669575
0 37 6.0 0.6046697 0.16553852 0.24923757 0.23687705 0.32652262
0 37 6.0 0.59558874 0.37080893 0.46528658 0.5124154 0.6295645
0 37 6.0 0.5280505 0.34624374 0.3763868 0.4866283 0.51526
0 38 6.0 0.99888366 0.44759667 0.64794743 0.62788415 0.9087031
0 38 6.0 0.9960349 0.6957685 0.52044785 0.8598125 0.73538566
0 38 6.0 0.80575305 0.37008765 0.4669708 0.51312053 0.636291
0 38 6.0 0.75793064 0.5122073 0.30252975 0.63612026 0.47078443
0 38 6.0 0.6414901 0.16690862 0.2542609 0.2368168 0.32685816
0 39 6.0 0.998782 0.4509207 0.6567501 0.6279491 0.9114629
0 39 6.0 0.9963098 0.6956198 0.52080274 0.86049604 0.74432516
0 39 6.0 0.8792212 0.36651134 0.47144893 0.51580703 0.64083445
0 39 6.0 0.83226335 0.51271534 0.30230814 0.6406704 0.4754045
0 39 6.0 0.65954316 0.16639581 0.25486696 0.23648548 0.32692498
0 40 6.0 0.9980268 0.6985424 0.5232752 0.85915047 0.75245136
0 40 6.0 0.99760085 0.45520762 0.6655978 0.63248694 0.90639377
0 40 6.0 0.9398923 0.51383346 0.3003249 0.6434606 0.48382613
0 40 6.0 0.88919264 0.37233874 0.4698468 0.5188173 0.64660585
0 40 6.0 0.6590053 0.16761345 0.25387356 0.2364124 0.32556298
0 41 6.0 0.9985049 0.698863 0.51652354 0.8623626 0.7470127
0 41 6.0 0.99758947 0.45397297 0.6693268 0.62985045 0.91682744
0 41 6.0 0.96153384 0.51224214 0.3018275 0.6476659 0.48285472
0 41 6.0 0.878543 0.38274464 0.4720104 0.5222634 0.64657
0 41 6.0 0.6836154 0.1662158 0.25437465 0.23658323 0.3263047
0 42 6.0 0.9987943 0.7027694 0.52359736 0.8657092 0.74929976
0 42 6.0 0.9977295 0.45716953 0.6765713 0.6323191 0.9212019
0 42 6.0 0.9227674 0.38085085 0.4728731 0.5224175 0.6513176
0 42 6.0 0.91653395 0.5172822 0.30183858 0.6493067 0.48360693
0 42 6.0 0.6921927 0.1630173 0.24952589 0.23786297 0.32688612
0 43 6.0 0.9988225 0.7055346 0.5245801 0.86529505 0.7525418
0 43 6.0 0.9979711 0.44983038 0.68208563 0.63167423 0.93441296
0 43 6.0 0.9251892 0.37879345 0.47583732 0.52462 0.6521043
0 43 6.0 0.88385063 0.51798 0.30235428 0.6501454 0.4824527
0 43 6.0 0.69793063 0.1624904 0.24760959 0.23893088 0.32710668
0 44 6.0 0.9989391 0.45088512 0.6825876 0.63584214 0.93899536
0 44 6.0 0.9977106 0.7110097 0.53065604 0.86855596 0.75375813
0 44 6.0 0.92802304 0.51436436 0.30058464 0.63759327 0.48242602
0 44 6.0 0.92028093 0.3818746 0.47867364 0.52447736 0.65192705
0 44 6.0 0.685236 0.16566876 0.2510289 0.23697278 0.3251211
0 45 6.0 0.9992067 0.45701852 0.6863011 0.64012086 0.9461584
0 45 6.0 0.99832696 0.71191764 0.53485215 0.8756714 0.7624192
0 45 6.0 0.96646804 0.38115516 0.47959244 0.52688 0.6611538
0 45 6.0 0.9361493 0.5164155 0.30062073 0.64043295 0.48629165
0 45 6.0 0.6646489 0.16653037 0.24809256 0.23732466 0.32465556
0 46 6.0 0.9990151 0.71261466 0.53774893 0.8771417 0.76702917
0 46 6.0 0.99892515 0.45903704 0.691388 0.64008737 0.95202386
0 46 6.0 0.97629195 0.38273835 0.48018816 0.52893555 0.6618017
0 46 6.0 0.92140913 0.5165914 0.30094242 0.6409124 0.48585582
0 46 6.0 0.632991 0.16607608 0.2512051 0.23795061 0.32567334
0 47 6.0 0.9990662 0.4572956 0.6934517 0.6440038 0.95979077
0 47 6.0 0.9974511 0.7120251 0.53519106 0.876394 0.7740208
0 47 6.0 0.9798518 0.37953836 0.47914168 0.5319646 0.66035986
0 47 6.0 0.948594 0.51590973 0.3030244 0.6423735 0.4873476
0 47 6.0 0.64406013 0.16481394 0.25173956 0.23919246 0.327177
0 48 6.0 0.99720407 0.7121944 0.5413982 0.88022846 0.7805492
0 48 6.0 0.99656504 0.4662363 0.70144355 0.64502376 0.9639368
0 48 6.0 0.96275294 0.515566 0.30408606 0.64342606 0.48964152
0 48 6.0 0.9415091 0.379941 0.47950885 0.5321554 0.66267467
0 48 6.0 0.6027626 0.1659491 0.2510734 0.23736271 0.32554808
0 49 6.0 0.9992112 0.46550384 0.70113957 0.642045 0.95818305
0 49 6.0 0.99684083 0.71126026 0.5502015 0.8847217 0.78371733
0 49 6.0 0.9684485 0.38785636 0.50485504 0.53803533 0.67979753
0 49 6.0 0.9493027 0.5179955 0.30731326 0.64468646 0.48878092
0 49 6.0 0.5996593 0.16704766 0.24864209 0.236724 0.32403725
0 50 6.0 0.99823415 0.71157104 0.5519323 0.88502485 0.7869957
0 50 6.0 0.9969283 0.47031507 0.706165 0.6439891 0.9720716
0 50 6.0 0.9615859 0.38793328 0.50139487 0.540097 0.68015695
0 50 6.0 0.9589051 0.5184749 0.3080535 0.64704305 0.4900337
0 50 6.0 0.61488575 0.16759464 0.24776846 0.23745194 0.32173127
0 51 6.0 0.99815434 0.7120894 0.56011844 0.8899267 0.7940532
0 51 6.0 0.99806076 0.47016633 0.7176722 0.64489436 0.9766482
0 51 6.0 0.97813 0.39189047 0.4999964 0.54485863 0.68545043
0 51 6.0 0.9548416 0.5222531 0.30842948 0.64846617 0.4888029
0 51 6.0 0.63169503 0.16798393 0.24832702 0.23751615 0.32183707
0 52 6.0 0.99919873 0.7138208 0.5635163 0.89372253 0.7960473
0 52 6.0 0.99884856 0.47068688 0.7238279 0.64754343 0.9789681
0 52 6.0 0.9822089 0.3922143 0.50070864 0.54655194 0.68680996
0 52 6.0 0.9727284 0.5231242 0.3087418 0.6514826 0.49292272
0 52 6.0 0.5953779 0.16935152 0.25079763 0.23629418 0.32130778
0 52 6.0 0.5028593 0.2942174 0.31824154 0.39543432 0.4616602
0 53 6.0 0.99913365 0.71647596 0.5699006 0.89701855 0.79978305
0 53 6.0 0.99905545 0.46869206 0.7294662 0.647825 0.988155
0 53 6.0 0.99739033 0.39117557 0.5005716 0.5508813 0.69268167
0 53 6.0 0.982084 0.5246206 0.3107741 0.65355533 0.4924972
0 53 6.0 0.5332388 0.16964874 0.25199023 0.23592931 0.32143858
0 54 6.0 0.99930584 0.4666666 0.7321754 0.6530277 0.9859323
0 54 6.0 0.9991757 0.71862185 0.57589436 0.8968214 0.80316806
0 54 6.0 0.99746907 0.39376265 0.4976072 0.5539161 0.69771504
0 54 6.0 0.98297805 0.52405536 0.31465834 0.65527546 0.4970135
0 54 6.0 0.5125865 0.29543686 0.32206064 0.39948666 0.4640748
0 54 6.0 0.5107737 0.17001474 0.25077987 0.23723206 0.32194406
0 55 6.0 0.9989768 0.47241265 0.7317439 0.6492358 0.9905301
0 55 6.0 0.99761957 0.7186483 0.5780203 0.8973738 0.8051173
0 55 6.0 0.9931161 0.39407182 0.50007683 0.5540635 0.696794
0 55 6.0 0.98361766 0.5247539 0.3131905 0.6579716 0.50111115
0 55 6.0 0.54453546 0.17007203 0.2490412 0.2368003 0.32021797
0 56 6.0 0.9992749 0.7186198 0.57925725 0.89816 0.80968046
0 56 6.0 0.9992175 0.47433603 0.74060357 0.64846194 0.98952913
0 56 6.0 0.9906579 0.3934938 0.5034183 0.55546623 0.70242405
0 56 6.0 0.97758293 0.52502656 0.31578064 0.66159475 0.5040185
0 56 6.0 0.54847974 0.17205301 0.24882367 0.23595265 0.31738898
0 56 6.0 0.53030723 0.2961985 0.31321087 0.40155524 0.4646382
0 57 6.0 0.99924856 0.7221968 0.5797341 0.8989023 0.8136233
0 57 6.0 0.9986916 0.47896236 0.74200237 0.6471701 0.9899895
0 57 6.0 0.98845005 0.39408538 0.50706065 0.5566185 0.7067094
0 57 6.0 0.97408694 0.53600836 0.32525066 0.66366744 0.5066426
0 57 6.0 0.57794744 0.36745977 0.4412297 0.5218432 0.5744083
0 57 6.0 0.5386008 0.17252627 0.24731043 0.23597938 0.3168575
0 58 6.0 0.99928254 0.7270056 0.5822089 0.90167236 0.8180475
0 58 6.0 0.99770397 0.47762638 0.7452829 0.6545368 0.9922118
0 58 6.0 0.9788696 0.39335454 0.50484836 0.56028795 0.7101445
0 58 6.0 0.9640061 0.5385632 0.3278802 0.66563135 0.50848716
0 59 6.0 0.9995072 0.7313673 0.58794224 0.90762883 0.8266616
0 59 6.0 0.999102 0.47800958 0.74952734 0.6550915 0.99731064
0 59 6.0 0.9721052 0.39520338 0.5077467 0.5609866 0.71186984
0 59 6.0 0.96159005 0.5436544 0.32983643 0.6661028 0.51003414
0 59 6.0 0.54287577 0.34332478 0.4304912 0.47957498 0.59018767
0 60 6.0 0.9992366 0.4792414 0.7573518 0.6561806 0.99941605
0 60 6.0 0.9989261 0.7337195 0.5888324 0.91255325 0.8348901
0 60 6.0 0.95445853 0.39445007 0.50924534 0.56043404 0.71964234
0 60 6.0 0.9455626 0.54475087 0.33352628 0.66819245 0.5115391
0 60 6.0 0.61492753 0.36353457 0.44127303 0.5190775 0.585874
0 61 6.0 0.99881727 0.47945023 0.7689967 0.65978444 1.0019385
0 61 6.0 0.9981698 0.73621726 0.59403884 0.9156438 0.83736384
0 61 6.0 0.97947854 0.39938468 0.52021635 0.5607448 0.71816313
0 61 6.0 0.950775 0.5482653 0.3372831 0.6686606 0.5121058
0 62 6.0 0.99765176 0.73565775 0.5980592 0.91567 0.8417618
0 62 6.0 0.9969137 0.48301047 0.7715914 0.66339093 1.0005183
0 62 6.0 0.9719519 0.40078482 0.5276868 0.5634924 0.7249313
0 62 6.0 0.9505047 0.5482456 0.33948192 0.6701415 0.51457083
0 63 6.0 0.9977799 0.7366047 0.60466707 0.9200864 0.8489016
0 63 6.0 0.99319696 0.48431477 0.7845001 0.66173506 0.99484086
0 63 6.0 0.9702389 0.40231133 0.5259197 0.5644067 0.7252407
0 63 6.0 0.93120813 0.54999995 0.33758396 0.6714103 0.5179996
0 63 6.0 0.5269444 0.16916777 0.24432075 0.23896779 0.322119
0 64 6.0 0.998594 0.7417811 0.6076255 0.92065024 0.8554716
0 64 6.0 0.9912298 0.48481315 0.78770125 0.66634744 0.99435806
0 64 6.0 0.97130305 0.40535268 0.5373352 0.56393 0.7368683
0 64 6.0 0.95158595 0.5510321 0.33605364 0.67295724 0.5216464
0 64 6.0 0.5396993 0.16847752 0.24288036 0.24043976 0.3240983
0 65 6.0 0.99877495 0.7447069 0.61644423 0.9220405 0.8533702
0 65 6.0 0.98716545 0.4052968 0.5315112 0.56850415 0.739599
0 65 6.0 0.98207444 0.48511064 0.7965754 0.66320026 0.9957663
0 65 6.0 0.91670984 0.55142754 0.33887613 0.67422265 0.52263445
0 65 6.0 0.50756454 0.16931796 0.24402486 0.24067342 0.32456297
0 66 6.0 0.99883944 0.7432141 0.6203855 0.9223545 0.8571416
0 66 6.0 0.9932903 0.5007493 0.7955754 0.67364436 1.0002131
0 66 6.0 0.9771941 0.40892667 0.53695107 0.56730586 0.74197936
0 66 6.0 0.9329274 0.55164415 0.3412662 0.6757254 0.5258916
0 67 6.0 0.9962345 0.74452096 0.62320447 0.92450374 0.8626075
0 67 6.0 0.9909246 0.49380738 0.7992534 0.6807156 0.9999109
0 67 6.0 0.9868873 0.41286635 0.54095566 0.5700835 0.74611473
0 67 6.0 0.8675929 0.5530249 0.3417903 0.6768739 0.5278235
0 68 6.0 0.99749446 0.747832 0.6293035 0.9235905 0.8650772
0 68 6.0 0.99478525 0.49641293 0.8053395 0.68143636 1.0002792
0 68 6.0 0.9867194 0.41184157 0.54310584 0.57152206 0.7483871
0 68 6.0 0.9324722 0.5527453 0.34682053 0.6790555 0.5300496
0 68 6.0 0.5806392 0.35446316 0.4755333 0.4836213 0.63240784
0 69 6.0 0.9960897 0.50078773 0.8087176 0.68079853 0.99913204
0 69 6.0 0.9934726 0.7447495 0.62639654 0.9282474 0.87179697
0 69 6.0 0.991574 0.41365027 0.546958 0.5703478 0.7537593
0 69 6.0 0.8146228 0.5547631 0.3465154 0.6843735 0.5302145
0 69 6.0 0.5758773 0.35608596 0.48101705 0.48137927 0.6322594
0 69 6.0 0.53030074 0.3038675 0.32994223 0.4178135 0.48307484
0 70 6.0 0.9972556 0.5001665 0.81608456 0.6766904 0.9976415
0 70 6.0 0.99593216 0.41679823 0.5475391 0.57358533 0.7581043
0 70 6.0 0.9955787 0.7541614 0.62689936 0.9357434 0.87645614
0 70 6.0 0.6870611 0.35504574 0.46592054 0.48385066 0.6343893
0 70 6.0 0.638762 0.5547378 0.34612146 0.6841544 0.5316737
0 71 6.0 0.99747986 0.4168453 0.5489137 0.5765159 0.7616025
0 71 6.0 0.99564666 0.49744385 0.8225702 0.67718595 0.9949752
0 71 6.0 0.9921572 0.75530803 0.6325197 0.93660176 0.8845669
0 71 6.0 0.80414665 0.54806995 0.33640426 0.6870073 0.5303645
0 71 6.0 0.6722269 0.35768545 0.46776947 0.4812194 0.6349889
0 72 6.0 0.9952415 0.75092256 0.6324888 0.94358313 0.8919378
0 72 6.0 0.9950304 0.41934317 0.5620575 0.57764995 0.7671026
0 72 6.0 0.9917453 0.49641523 0.83097255 0.68210256 0.99681747
0 72 6.0 0.9567855 0.5567887 0.34146827 0.6973959 0.52907395
0 72 6.0 0.6458979 0.3568832 0.48507342 0.4777942 0.64133745
0 73 6.0 0.99715626 0.42015135 0.55884075 0.57788587 0.7744893
0 73 6.0 0.9957098 0.7619287 0.641373 0.9506644 0.90032035
0 73 6.0 0.9900074 0.560262 0.34082353 0.7005169 0.53331876
0 73 6.0 0.98970675 0.50001603 0.84031016 0.6849473 1.0001732
0 73 6.0 0.68466884 0.3561414 0.47069842 0.4837126 0.644427
0 73 6.0 0.50686014 0.30961716 0.33512402 0.4262886 0.4854349
0 74 6.0 0.9953874 0.7487597 0.6375472 0.9519227 0.9064291
0 74 6.0 0.99143386 0.42073888 0.5662042 0.5781923 0.77492166
0 74 6.0 0.98767674 0.4990804 0.84389323 0.6890446 1.000983
0 74 6.0 0.98527247 0.5646643 0.34388363 0.70089 0.5326437
0 74 6.0 0.5942296 0.35626265 0.483576 0.48007372 0.64324206
0 74 6.0 0.58005756 0.30758747 0.3376951 0.42658886 0.49405906
0 75 6.0 0.9973157 0.7660666 0.64788085 0.959825 0.9034756
0 75 6.0 0.9935661 0.42401436 0.57381463 0.5805845 0.78007424
0 75 6.0 0.9731232 0.49738604 0.8490038 0.6922981 1.0007279
0 75 6.0 0.9686604 0.5548781 0.34004313 0.6869085 0.5366079
0 75 6.0 0.69759893 0.35340393 0.48574764 0.48343164 0.6474138
0 76 6.0 0.9986395 0.766881 0.6591399 0.9609103 0.9067079
0 76 6.0 0.99340904 0.42576635 0.5809025 0.5818207 0.784504
0 76 6.0 0.98039585 0.49685544 0.8515479 0.6991512 1.0016216
0 76 6.0 0.9664538 0.55645627 0.34126443 0.689598 0.5375455
0 76 6.0 0.6800234 0.37127125 0.49787477 0.5046041 0.6469192
0 77 6.0 0.99832755 0.76576227 0.6616366 0.96454924 0.91313016
0 77 6.0 0.99593663 0.42756683 0.5754907 0.5837565 0.7876073
0 77 6.0 0.98107624 0.55967003 0.340231 0.692478 0.5416406
0 77 6.0 0.97053134 0.49769366 0.85925806 0.70139706 1.0011818
0 77 6.0 0.6978996 0.35501748 0.48363334 0.48673302 0.64947206
0 78 6.0 0.9960156 0.43119523 0.58626074 0.5868985 0.7962206
0 78 6.0 0.99539065 0.76727355 0.66178346 0.9651246 0.9202894
0 78 6.0 0.9561722 0.49992177 0.8622702 0.70230234 1.0017587
0 78 6.0 0.93740904 0.5602547 0.34157655 0.6927657 0.5426478
0 78 6.0 0.6942711 0.35549903 0.48410246 0.48249578 0.64936495
0 79 6.0 0.9970937 0.43100375 0.5853429 0.5860205 0.7970804
0 79 6.0 0.9929428 0.7659041 0.66674185 0.96629936 0.9304191
0 79 6.0 0.9654601 0.56157976 0.34427747 0.69531566 0.54233867
0 79 6.0 0.8918479 0.5031067 0.86808866 0.6999421 0.99923795
0 79 6.0 0.6640689 0.3579086 0.47936642 0.48549026 0.6494434
0 80 6.0 0.9979913 0.43320438 0.5872091 0.5880153 0.798805
0 80 6.0 0.99747354 0.7668091 0.678139 0.97407985 0.93251276
0 80 6.0 0.96137047 0.56374574 0.34863448 0.69679666 0.5424515
0 80 6.0 0.84587973 0.5009209 0.8738709 0.6955581 1.001543
0 80 6.0 0.7732238 0.37344074 0.48608065 0.507632 0.65041065
0 81 6.0 0.9990088 0.43128714 0.578513 0.59388894 0.80127585
0 81 6.0 0.9968274 0.7691597 0.6789745 0.9757358 0.9383211
0 81 6.0 0.9769156 0.56605595 0.35306352 0.6992609 0.5424333
0 81 6.0 0.8535403 0.3703002 0.48113823 0.50718987 0.65200734
0 81 6.0 0.7948203 0.5113141 0.8792669 0.6973836 1.0016242
0 82 6.0 0.9991954 0.42863035 0.57974315 0.5971645 0.80537796
0 82 6.0 0.9937882 0.7689621 0.6814204 0.9781645 0.94726485
0 82 6.0 0.96185416 0.56802744 0.35194582 0.69793147 0.54505473
0 82 6.0 0.69921905 0.37077838 0.4841373 0.5084133 0.6495942
0 82 6.0 0.60752374 0.51733047 0.89073193 0.6973323 1.0046916
0 83 6.0 0.9996526 0.430765 0.57875186 0.5984179 0.8129565
0 83 6.0 0.9945456 0.7721568 0.68700075 0.98305875 0.9520689
0 83 6.0 0.9509568 0.5688527 0.3538495 0.70290154 0.5461663
0 83 6.0 0.6037447 0.37484452 0.4936276 0.50266767 0.6522854
0 83 6.0 0.55125767 0.52244496 0.90165365 0.69529796 1.0008161
0 84 6.0 0.9993025 0.43157914 0.58217084 0.6018149 0.82155657
0 84 6.0 0.99203414 0.77713424 0.6914197 0.9830145 0.9595591
0 84 6.0 0.96795213 0.56855947 0.35559338 0.7060799 0.5496431
0 84 6.0 0.7900761 0.37206474 0.4818216 0.5108214 0.6531916
0 84 6.0 0.6326481 0.5183368 0.90620553 0.6940359 1.0018866
0 85 6.0 0.99933726 0.43224773 0.584214 0.6007185 0.82724965
0 85 6.0 0.99195683 0.77868646 0.6800495 0.98146266 0.96192044
0 85 6.0 0.96173584 0.56942964 0.359968 0.7096052 0.5531504
0 85 6.0 0.7950017 0.37206733 0.5069275 0.5156943 0.6760565
0 85 6.0 0.5521922 0.5210771 0.9101926 0.69543725 1.0024652
0 85 6.0 0.5141434 0.32010663 0.36850232 0.4522308 0.52241695
0 86 6.0 0.99941313 0.4364239 0.5970613 0.60083866 0.8318995
0 86 6.0 0.993529 0.78577673 0.68641853 0.9845413 0.962687
0 86 6.0 0.92457134 0.58017033 0.3665474 0.7146669 0.5603624
0 86 6.0 0.8583164 0.37252787 0.50241697 0.51592016 0.68105304
0 86 6.0 0.65764415 0.31484127 0.36464605 0.45300812 0.5306586
0 87 6.0 0.9981805 0.43791813 0.6061058 0.60204417 0.83678234
0 87 6.0 0.9874988 0.78782773 0.69065404 0.98787165 0.9693053
0 87 6.0 0.95985484 0.5841578 0.36993673 0.71761227 0.5632249
0 87 6.0 0.9159451 0.3703507 0.49816173 0.51454943 0.6852322
0 87 6.0 0.5511078 0.31412268 0.37427425 0.45741272 0.5237912
0 88 6.0 0.9972174 0.43904838 0.6033921 0.60054654 0.83910286
0 88 6.0 0.99299765 0.78997827 0.69926494 0.98936427 0.9759801
0 88 6.0 0.96907604 0.5851792 0.3714272 0.71872234 0.56568325
0 88 6.0 0.9190385 0.3741311 0.49854076 0.51980907 0.68481076
0 88 6.0 0.690412 0.31370112 0.36361632 0.45113197 0.5284555
0 89 6.0 0.99523985 0.44155824 0.61023027 0.6016388 0.8418738
0 89 6.0 0.97752213 0.78855515 0.7026283 0.9905369 0.97777826
0 89 6.0 0.93199724 0.5863894 0.36845395 0.72067344 0.56889474
0 89 6.0 0.9242211 0.37607095 0.5093448 0.5248415 0.689934
0 90 6.0 0.98963976 0.44116783 0.61143243 0.6077826 0.85187984
0 90 6.0 0.98858136 0.7909415 0.7175597 0.9916072 0.98292994
0 90 6.0 0.98176205 0.58889574 0.3705986 0.7211216 0.5697963
0 90 6.0 0.9400516 0.37668306 0.4977297 0.5210785 0.69409466
0 90 6.0 0.540912 0.31438237 0.37226045 0.4513392 0.5343059
0 91 6.0 0.9931851 0.44466424 0.6212977 0.6087614 0.85239744
0 91 6.0 0.9888543 0.7896614 0.72621316 1.0054164 0.9904515
0 91 6.0 0.9812912 0.5891871 0.37101293 0.72417146 0.57616997
0 91 6.0 0.9462077 0.3781277 0.50926733 0.51904494 0.6999444
0 91 6.0 0.5368884 0.31113082 0.36792326 0.44883114 0.52992827
0 92 6.0 0.9946523 0.44382995 0.6217649 0.6104174 0.85563517
0 92 6.0 0.9931345 0.59211874 0.37755898 0.7264985 0.5824009
0 92 6.0 0.9922862 0.7894513 0.72769904 1.0073485 0.9920027
0 92 6.0 0.9290831 0.37875763 0.500715 0.51469254 0.7041086
0 93 6.0 0.99855214 0.4459518 0.62362605 0.61314905 0.8636511
0 93 6.0 0.98137474 0.7885531 0.7294326 1.0084778 0.9948708
0 93 6.0 0.9637017 0.5956665 0.38347057 0.726176 0.58585304
0 93 6.0 0.90176445 0.37629142 0.5093562 0.5181927 0.7024705
0 94 6.0 0.9982843 0.44560623 0.6260995 0.6145661 0.86792046
0 94 6.0 0.9896241 0.7923729 0.7320199 1.0072963 0.99520445
0 94 6.0 0.93529046 0.5951233 0.38463557 0.7276275 0.5985756
0 94 6.0 0.9283202 0.3804058 0.50947076 0.52275604 0.7033587
0 94 6.0 0.6687265 0.3168836 0.36627865 0.45154133 0.53913605
0 95 6.0 0.99895656 0.44407237 0.6235136 0.61539245 0.874277
0 95 6.0 0.9934831 0.7954606 0.7381963 0.9993024 0.998475
0 95 6.0 0.9464997 0.3859504 0.5180496 0.5288231 0.70419204
0 95 6.0 0.8985635 0.59529144 0.38353783 0.7306332 0.598844
0 95 6.0 0.7404113 0.3136004 0.3652162 0.4474958 0.53553486
0 96 6.0 0.9974159 0.44010636 0.630896 0.616122 0.87943053
0 96 6.0 0.99460274 0.7950678 0.7424325 0.999434 0.99967074
0 96 6.0 0.9294596 0.59658825 0.38314152 0.7319733 0.6055373
0 96 6.0 0.8739494 0.38268566 0.528353 0.5173223 0.7118144
0 97 6.0 0.99880576 0.44012648 0.6308419 0.61905605 0.8849389
0 97 6.0 0.99257797 0.8009237 0.74595594 0.99688935 1.0082736
0 97 6.0 0.98870265 0.5980099 0.3817563 0.7344397 0.5872998
0 97 6.0 0.8526741 0.38617575 0.5274993 0.53620756 0.7110034
0 97 6.0 0.553669 0.31943405 0.37361482 0.44715232 0.5365278
0 98 6.0 0.99935037 0.43923554 0.6317592 0.61988354 0.888936
0 98 6.0 0.9943606 0.60100967 0.38240498 0.7383234 0.59472084
0 98 6.0 0.9890822 0.8034181 0.7513837 0.99641293 1.0034995
0 98 6.0 0.8682155 0.38925636 0.5339276 0.5243616 0.7229422
0 98 6.0 0.64231294 0.3195762 0.37460047 0.44528186 0.54186475
0 99 6.0 0.9989981 0.4386133 0.63928723 0.6247783 0.89512885
0 99 6.0 0.99480754 0.8138927 0.7563009 0.9966222 1.0003848
0 99 6.0 0.95980936 0.5997533 0.3820218 0.73896843 0.5955843
0 99 6.0 0.9309848 0.3892187 0.52306855 0.52945834 0.7248726
0 99 6.0 0.5165424 0.32067937 0.37632096 0.44730544 0.5344025
0 100 6.0 0.99930716 0.43775323 0.6423731 0.626625 0.90082526
0 100 6.0 0.9952922 0.8181834 0.76373446 0.9968076 0.9965154
0 100 6.0 0.974815 0.38853735 0.5275614 0.5286657 0.7329273
0 100 6.0 0.9304075 0.60004157 0.3825832 0.74212366 0.5983409
0 100 6.0 0.5025069 0.32385406 0.38651952 0.44872823 0.5348853
0 101 6.0 0.99927014 0.44105074 0.65070045 0.6272992 0.90528333
0 101 6.0 0.99589384 0.8161294 0.7700218 0.99936825 0.99660385
0 101 6.0 0.96594495 0.6019184 0.38441965 0.74526197 0.59857297
0 101 6.0 0.94772243 0.3925132 0.52393776 0.5344222 0.735841
0 101 6.0 0.6829538 0.3237984 0.37384 0.44971034 0.5443675
0 102 6.0 0.9994286 0.44228458 0.66171646 0.6313646 0.9123579
0 102 6.0 0.9925402 0.8172854 0.773452 0.9957807 0.99333316
0 102 6.0 0.99239045 0.60500264 0.38486728 0.7493627 0.6007415
0 102 6.0 0.78879946 0.39713192 0.55600494 0.54103464 0.7427649
0 102 6.0 0.5375719 0.3302411 0.38537586 0.44644138 0.55444425
0 103 6.0 0.9995328 0.4435898 0.6675103 0.63173306 0.9134078
0 103 6.0 0.98405105 0.60829663 0.38638029 0.75031984 0.6006813
0 103 6.0 0.981875 0.81870687 0.7811558 0.99661374 0.9901526
0 103 6.0 0.7478969 0.3945573 0.5517262 0.54153466 0.7424449
0 104 6.0 0.9986934 0.44092804 0.6642563 0.63113004 0.92100865
0 104 6.0 0.99012756 0.60831845 0.38757098 0.7509562 0.60497814
0 104 6.0 0.9852014 0.8210022 0.7825917 0.9974312 0.99132526
0 104 6.0 0.87271047 0.39926803 0.5413176 0.5503498 0.7511798
0 104 6.0 0.6656001 0.33142003 0.39189568 0.44904003 0.55488026
0 105 6.0 0.99853575 0.4392089 0.6713291 0.6319944 0.93025297
0 105 6.0 0.9926312 0.8229274 0.7909304 0.9961352 0.99693596
0 105 6.0 0.98566365 0.6117527 0.38981307 0.7557681 0.60940385
0 105 6.0 0.86276555 0.39991617 0.5390125 0.5578086 0.7512012
0 105 6.0 0.6285101 0.33370826 0.38644922 0.451678 0.55750185
0 106 6.0 0.99932265 0.4452657 0.6796492 0.63339883 0.9333764
0 106 6.0 0.9908757 0.8305482 0.79808074 0.9984363 1.0000234
0 106 6.0 0.96000606 0.6108834 0.392434 0.75686806 0.6123661
0 106 6.0 0.95796967 0.40168154 0.53530395 0.5650457 0.7535769
0 107 6.0 0.9995259 0.44748485 0.6821834 0.63543665 0.94442785
0 107 6.0 0.990646 0.8284839 0.80009276 1.0011431 1.0012822
0 107 6.0 0.97120374 0.6115147 0.3967871 0.76356184 0.6168552
0 107 6.0 0.9381061 0.40139893 0.54828507 0.56348854 0.7561576
0 107 6.0 0.6858114 0.3335065 0.39712685 0.4554651 0.56652415
0 108 6.0 0.99936706 0.45362842 0.6898522 0.6360489 0.9483617
0 108 6.0 0.9911457 0.8353876 0.8067621 1.0011201 1.0010707
0 108 6.0 0.9895835 0.6113703 0.4009623 0.7653352 0.6220179
0 108 6.0 0.9605551 0.40208477 0.54349154 0.56461453 0.7509518
0 108 6.0 0.7334356 0.33353624 0.3941967 0.4563724 0.57305783
0 109 6.0 0.9988464 0.45276436 0.6982365 0.6357764 0.9505436
0 109 6.0 0.99084705 0.8383391 0.80945164 1.001545 1.0000293
0 109 6.0 0.9822479 0.6070083 0.40618375 0.7600364 0.62291896
0 109 6.0 0.9571846 0.4052438 0.556903 0.5670275 0.7494488
0 109 6.0 0.6611873 0.33606747 0.407618 0.4574261 0.57417727
0 110 6.0 0.99936503 0.454553 0.7012573 0.64098966 0.9569612
0 110 6.0 0.98662853 0.8350482 0.81356275 1.0011053 1.0022196
0 110 6.0 0.98017764 0.60898143 0.40877613 0.7624956 0.6234771
0 110 6.0 0.95415705 0.40347338 0.559054 0.565819 0.76141167
0 110 6.0 0.74386966 0.33818486 0.40395117 0.45649198 0.5735903
0 111 6.0 0.99942434 0.46117383 0.7070293 0.6398503 0.96384984
0 111 6.0 0.9847878 0.83835864 0.82313997 1.0026401 0.9971382
0 111 6.0 0.9799717 0.6105605 0.40967858 0.7645028 0.628644
0 111 6.0 0.90164185 0.40696305 0.5710737 0.5665695 0.7695429
0 111 6.0 0.7749225 0.33644554 0.4027093 0.45758602 0.5730976
0 112 6.0 0.99911124 0.4592743 0.7254392 0.63604236 0.963781
0 112 6.0 0.9738278 0.83543587 0.82890195 1.0021095 0.99689704
0 112 6.0 0.9660275 0.61287683 0.4105011 0.76914424 0.63523334
0 112 6.0 0.9169479 0.40946636 0.5669009 0.5693728 0.7697286
0 112 6.0 0.7884537 0.338637 0.40809944 0.4590538 0.572346
0 113 6.0 0.9991565 0.46094388 0.7307627 0.63688964 0.96956086
0 113 6.0 0.98963916 0.6136317 0.41404086 0.7724732 0.6405217
0 113 6.0 0.9655876 0.40988994 0.5638665 0.5699967 0.7783679
0 113 6.0 0.95869786 0.8350726 0.8365944 1.0015061 0.9971307
0 113 6.0 0.64575386 0.3416469 0.43493742 0.46728188 0.5754171
0 114 6.0 0.9995332 0.45925754 0.71592647 0.64159185 0.9764897
0 114 6.0 0.9954145 0.61840636 0.4155873 0.773681 0.64721155
0 114 6.0 0.9776253 0.41162926 0.5699166 0.57201993 0.7822131
0 114 6.0 0.8547562 0.8326186 0.8397059 1.0022087 1.006067
0 114 6.0 0.73572445 0.34106854 0.42730397 0.46160874 0.5820015
0 115 6.0 0.9984084 0.46273553 0.72675997 0.6411449 0.98015195
0 115 6.0 0.99381363 0.6212588 0.41973087 0.7758654 0.6502388
0 115 6.0 0.93870807 0.41291934 0.5788665 0.57150555 0.7725465
0 115 6.0 0.8786436 0.34513173 0.41901556 0.4754019 0.58854234
0 115 6.0 0.80255485 0.83324635 0.8442951 1.0015284 1.0093367
0 116 6.0 0.99887913 0.46211356 0.7258967 0.6465346 0.9855288
0 116 6.0 0.99493563 0.6250557 0.42193308 0.7770599 0.6512147
0 116 6.0 0.95826197 0.41686133 0.59047455 0.57530886 0.79613036
0 116 6.0 0.8964955 0.8360404 0.8487443 0.9990728 0.9993377
0 116 6.0 0.8888865 0.3367209 0.41749424 0.46486244 0.5922553
0 117 6.0 0.9976071 0.46816486 0.7274433 0.646293 0.9866453
0 117 6.0 0.98186433 0.6287434 0.42802286 0.7760557 0.65587425
0 117 6.0 0.9513152 0.4163615 0.58266264 0.5707356 0.79832774
0 117 6.0 0.8832704 0.33944422 0.41128182 0.47393525 0.59787655
0 117 6.0 0.75683737 0.83533484 0.85785353 0.99828523 1.0044779
0 118 6.0 0.99870515 0.46556133 0.73242074 0.6517183 0.9950159
0 118 6.0 0.97538096 0.6355587 0.43221134 0.7776551 0.65537864
0 118 6.0 0.94923896 0.41680306 0.58522844 0.57106185 0.7974231
0 118 6.0 0.8516256 0.33999264 0.41678792 0.47373807 0.60161144
0 118 6.0 0.6103467 0.8387056 0.86055565 0.9990544 1.0067059
0 119 6.0 0.9971073 0.46782893 0.73635536 0.65117604 0.9907865
0 119 6.0 0.9860957 0.6357635 0.4340304 0.7807566 0.65525687
0 119 6.0 0.9679575 0.41655606 0.5859613 0.5745338 0.80153626
0 119 6.0 0.93475705 0.33759272 0.40924042 0.48022604 0.60570353
0 120 6.0 0.99773175 0.46834868 0.7397544 0.65048105 0.99450535
0 120 6.0 0.9879462 0.63729626 0.43537778 0.78334695 0.65915126
0 120 6.0 0.98677516 0.41967323 0.5865239 0.5779635 0.80569816
0 120 6.0 0.9635266 0.34167674 0.41023427 0.48029098 0.6067646
0 121 6.0 0.99777454 0.47184297 0.7378784 0.6500263 0.9924261
0 121 6.0 0.99632406 0.4218001 0.5857005 0.5835568 0.8099619
0 121 6.0 0.98637146 0.6417605 0.42628014 0.7841756 0.65526867
0 121 6.0 0.94911975 0.3402319 0.4145738 0.479658 0.606768
0 122 6.0 0.99570686 0.47442105 0.7524527 0.6498871 0.99559003
0 122 6.0 0.99228466 0.42111748 0.59146804 0.5865049 0.8164939
0 122 6.0 0.9907822 0.6408601 0.42943344 0.7841121 0.656205
0 122 6.0 0.9509756 0.33853358 0.41664726 0.47973663 0.6098198
0 122 6.0 0.5339089 0.24735026 0.2519663 0.32842225 0.33506036
0 123 6.0 0.99403 0.42160735 0.59849364 0.5849874 0.81616825
0 123 6.0 0.99210536 0.6460507 0.43314406 0.7870908 0.66139126
0 123 6.0 0.9826401 0.47285005 0.76610297 0.6521783 0.99571854
0 123 6.0 0.91505814 0.33693835 0.4148439 0.48081127 0.6147456
0 124 5.0 0.5407737 0.6416727 0.43225652 0.7929762 0.66196483
0 124 6.0 0.98332053 0.47832528 0.7650737 0.65289074 0.9977918
0 124 6.0 0.9601876 0.6462235 0.44092187 0.7904807 0.6686981
0 124 6.0 0.93526095 0.42561278 0.6075637 0.583568 0.8077641
0 124 6.0 0.90305674 0.33862972 0.4175494 0.48324 0.618886
0 124 6.0 0.54800016 0.24150674 0.2483566 0.328137 0.33465892
0 125 5.0 0.61855763 0.64683914 0.4352332 0.7949933 0.66538215
0 125 6.0 0.9840925 0.42573288 0.61232436 0.58673126 0.82815397
0 125 6.0 0.97830725 0.4816327 0.7668313 0.65458953 1.0010488
0 125 6.0 0.92822737 0.6516346 0.44066447 0.7953166 0.66154927
0 125 6.0 0.8686239 0.33667636 0.4334551 0.47273815 0.62254
0 125 6.0 0.5406692 0.2398541 0.24489214 0.33206242 0.33674946
0 126 5.0 0.69131434 0.64579344 0.43933606 0.7972523 0.6698972
0 126 6.0 0.9945485 0.4269371 0.6080262 0.58701193 0.8374601
0 126 6.0 0.9830657 0.47801322 0.7712901 0.6599509 1.0056244
0 126 6.0 0.95813096 0.6489305 0.4464333 0.79812104 0.6680263
0 126 6.0 0.88870114 0.33499765 0.43053198 0.4780289 0.6240524
0 126 6.0 0.5578756 0.24087699 0.24921513 0.33098203 0.33732802
0 127 6.0 0.9978417 0.64993864 0.44454077 0.7982932 0.67738813
0 127 6.0 0.9906741 0.4274836 0.61778224 0.589683 0.837155
0 127 6.0 0.93220675 0.479767 0.7797458 0.66268903 1.0063192
0 127 6.0 0.90242547 0.34089112 0.44166052 0.48775005 0.6244149
0 127 6.0 0.54514045 0.24236028 0.25191772 0.32866573 0.3364768
0 128 6.0 0.99370366 0.42944348 0.6222582 0.59294426 0.8406451
0 128 6.0 0.99238867 0.6484186 0.4494914 0.80498964 0.68117654
0 128 6.0 0.97606236 0.47872686 0.7848464 0.66168594 1.004585
0 128 6.0 0.8938262 0.3387562 0.44026053 0.48840785 0.62860537
0 128 6.0 0.5133915 0.23588623 0.25106516 0.32698002 0.3336384
0 129 6.0 0.99671704 0.42689538 0.6207941 0.5853852 0.85913545
0 129 6.0 0.9922644 0.649937 0.44938225 0.8095501 0.68448037
0 129 6.0 0.9692403 0.4822462 0.7919823 0.66317 1.0026939
0 129 6.0 0.96859926 0.3379853 0.4330617 0.49173918 0.6340498
0 130 6.0 0.99366015 0.42988575 0.62426543 0.5883293 0.8625171
0 130 6.0 0.98117036 0.48539498 0.7952309 0.6621979 0.9977959
0 130 6.0 0.97640437 0.33599073 0.43020457 0.49234468 0.64031917
0 130 6.0 0.95812666 0.652074 0.4585795 0.8060076 0.69609857
0 131 5.0 0.61237395 0.65731466 0.45678508 0.8042617 0.681906
0 131 6.0 0.988566 0.42917764 0.62559366 0.58637357 0.86985826
0 131 6.0 0.9833356 0.48629192 0.79810333 0.6638341 0.99753034
0 131 6.0 0.9729445 0.3415208 0.432146 0.49275285 0.6387716
0 131 6.0 0.80489635 0.6557553 0.45643622 0.80865633 0.6912504
0 131 6.0 0.51924205 0.23016682 0.24273486 0.32880536 0.33454877
0 132 6.0 0.99804175 0.43127748 0.6321348 0.5924834 0.87533176
0 132 6.0 0.9781568 0.48618928 0.7986192 0.6641237 0.99787503
0 132 6.0 0.93300587 0.34434238 0.43461114 0.4966565 0.6432622
0 132 6.0 0.9141455 0.6565855 0.4601766 0.8117798 0.69630814
0 133 6.0 0.9966474 0.43373096 0.6323867 0.5988567 0.8796568
0 133 6.0 0.98942345 0.3444586 0.43748587 0.49873576 0.64795667
0 133 6.0 0.97916085 0.6621381 0.46547338 0.8140384 0.7016914
0 133 6.0 0.9572851 0.4836675 0.8040501 0.66548944 0.9954556
0 134 6.0 0.9975757 0.43577307 0.6315237 0.60129064 0.8837638
0 134 6.0 0.99325013 0.3451673 0.43230382 0.5012464 0.65258765
0 134 6.0 0.9773792 0.6625353 0.46819317 0.8182365 0.70352304
0 134 6.0 0.9432606 0.48288012 0.80893064 0.6677749 0.99414027
0 135 6.0 0.9941386 0.43791145 0.6376887 0.60849994 0.89286464
0 135 6.0 0.9920391 0.34483513 0.4342542 0.50533646 0.65289795
0 135 6.0 0.97365475 0.6627363 0.47101134 0.8203944 0.70405596
0 135 6.0 0.8884203 0.4785151 0.8168685 0.66942877 0.9932893
0 136 6.0 0.98850036 0.6639191 0.4746272 0.82375777 0.7047128
0 136 6.0 0.98664224 0.43890288 0.6391609 0.609166 0.89140284
0 136 6.0 0.9850957 0.3445713 0.43155944 0.50807405 0.6537411
0 136 6.0 0.8686758 0.47747594 0.82375246 0.67929226 0.9965554
0 137 6.0 0.99204755 0.66329724 0.47672173 0.82583565 0.70602417
0 137 6.0 0.99112517 0.34538504 0.43977672 0.50909543 0.6596293
0 137 6.0 0.9890777 0.44049284 0.6425926 0.6167667 0.89634424
0 137 6.0 0.85606205 0.48429227 0.83203983 0.68324494 0.9965311
0 138 6.0 0.99629766 0.34344432 0.44037932 0.5105095 0.6610512
0 138 6.0 0.98146653 0.44357783 0.6499667 0.6114747 0.8996117
0 138 6.0 0.9782445 0.6703951 0.47867218 0.8290083 0.7077482
0 138 6.0 0.8002375 0.4862511 0.8369071 0.68401694 0.99803466
0 139 6.0 0.99663264 0.34443903 0.4406832 0.5121775 0.66350573
0 139 6.0 0.97509277 0.439708 0.66106904 0.61533344 0.88911045
0 139 6.0 0.9613678 0.6702492 0.48022017 0.83183587 0.7131874
0 139 6.0 0.9099132 0.4861357 0.8434077 0.6860845 1.0001585
0 140 6.0 0.9972806 0.67009526 0.4815617 0.8348654 0.7210121
0 140 6.0 0.9941409 0.34662908 0.4427461 0.51065284 0.66752106
0 140 6.0 0.987651 0.44314304 0.6639238 0.6146237 0.8933129
0 140 6.0 0.8535101 0.48597994 0.8469071 0.69122565 1.0007551
0 141 6.0 0.9975241 0.34702206 0.44472498 0.51353717 0.6676747
0 141 6.0 0.992195 0.6791172 0.4853012 0.83500195 0.72586554
0 141 6.0 0.98480725 0.44420844 0.6707076 0.6209385 0.9022875
0 141 6.0 0.8817718 0.48821843 0.8532064 0.6866406 1.0017632
0 142 6.0 0.99684626 0.3468672 0.4480973 0.5105119 0.6752103
0 142 6.0 0.99089605 0.680119 0.48692828 0.83628935 0.72579783
0 142 6.0 0.98848397 0.44373545 0.6797743 0.6206205 0.90410733
0 142 6.0 0.88802695 0.48868412 0.8561952 0.6892114 1.0022303
0 142 6.0 0.5788474 0.22606792 0.24662305 0.32785028 0.34022194
0 143 6.0 0.9961404 0.3430047 0.459368 0.49541533 0.67251897
0 143 6.0 0.98892224 0.68345004 0.49259567 0.8400009 0.73704493
0 143 6.0 0.9681398 0.4459595 0.6891457 0.6227376 0.90107775
0 143 6.0 0.79113436 0.4914521 0.85861284 0.6824695 1.0020268
0 143 6.0 0.6499379 0.23051699 0.24071771 0.3349409 0.34139305
0 144 6.0 0.9961063 0.342417 0.46016252 0.49694026 0.67608607
0 144 6.0 0.99233997 0.45130312 0.68046737 0.62034285 0.9171983
0 144 6.0 0.9896979 0.68442965 0.49723884 0.8473586 0.74192953
0 144 6.0 0.7828046 0.4873664 0.8603562 0.6825776 1.0022613
0 144 6.0 0.6729135 0.22895837 0.24285081 0.33548635 0.33954284
0 145 6.0 0.9948137 0.344098 0.46347374 0.500419 0.67757434
0 145 6.0 0.9902535 0.44889015 0.6839789 0.6238778 0.9163259
0 145 6.0 0.9847712 0.68495405 0.4989364 0.8495952 0.7525557
0 145 6.0 0.72301555 0.48735553 0.856219 0.67869717 1.0015925
0 145 6.0 0.6582958 0.2226524 0.24184813 0.3382204 0.34007823
0 146 5.0 0.83092767 0.6875983 0.49916142 0.845704 0.7356923
0 146 6.0 0.99353164 0.34953725 0.46883377 0.50405705 0.68561536
0 146 6.0 0.9860941 0.4549332 0.69665277 0.62178314 0.9341316
0 146 6.0 0.89612085 0.688511 0.50430965 0.84644675 0.75012326
0 146 6.0 0.6817486 0.22366151 0.23629473 0.33764693 0.3426858
0 146 6.0 0.553889 0.5064914 0.8781337 0.68306816 1.0063899
0 147 6.0 0.9967018 0.44990602 0.69708943 0.6258679 0.94893277
0 147 6.0 0.9912408 0.34644753 0.46756226 0.5037812 0.68885607
0 147 6.0 0.9859126 0.68977153 0.50778335 0.85453606 0.7542631
0 147 6.0 0.67885375 0.22277337 0.23869665 0.33765864 0.34431708
0 148 6.0 0.99701655 0.6927545 0.5139783 0.8561269 0.7571736
0 148 6.0 0.9933495 0.34869182 0.46559244 0.5058704 0.6958466
0 148 6.0 0.9864829 0.45995808 0.70495564 0.63765395 0.9499815
0 148 6.0 0.6668575 0.22355777 0.23355356 0.34090483 0.3449935
0 149 6.0 0.9975036 0.4551121 0.70317787 0.6388688 0.97381896
0 149 6.0 0.9956215 0.35102662 0.47527733 0.50698316 0.69740164
0 149 6.0 0.9716822 0.6981488 0.51474965 0.8574355 0.75835335
0 149 6.0 0.6667879 0.22447251 0.23177707 0.33972603 0.34283698
0 150 5.0 0.632063 0.6993463 0.52539504 0.85910285 0.75548804
0 150 6.0 0.9982717 0.35168236 0.47217596 0.5079062 0.7036625
0 150 6.0 0.995344 0.45791218 0.697836 0.64411837 0.9754955
0 150 6.0 0.71709 0.22607577 0.23295736 0.33848035 0.34492314
0 150 6.0 0.6352887 0.7005379 0.5180117 0.859499 0.76215184
0 151 5.0 0.6327715 0.7023188 0.5239938 0.8576789 0.7589242
0 151 6.0 0.9984749 0.35424352 0.47444463 0.50963455 0.7046119
0 151 6.0 0.99842787 0.46155527 0.7099406 0.64223695 0.98165995
0 151 6.0 0.63854736 0.22288533 0.23728055 0.33681324 0.34765613
0 151 6.0 0.5319945 0.7022851 0.5195591 0.858054 0.7660437
0 152 6.0 0.9981571 0.35598546 0.4749835 0.5118332 0.7098091
0 152 6.0 0.99730754 0.46270612 0.7144557 0.64186114 0.9752469
0 152 6.0 0.75020754 0.7027886 0.51798373 0.86563015 0.77252907
0 152 6.0 0.6321985 0.22175944 0.24236166 0.33754063 0.34808624
0 153 6.0 0.9989569 0.35978228 0.47860786 0.5110642 0.70997226
0 153 6.0 0.9960891 0.46049842 0.71767455 0.6454767 0.97905964
0 153 6.0 0.91950107 0.70381427 0.5245786 0.8665397 0.76817393
0 153 6.0 0.67826444 0.22347033 0.23950942 0.33716798 0.34967846
0 154 6.0 0.99940896 0.36259767 0.48156297 0.5120478 0.71370757
0 154 6.0 0.99103045 0.46892563 0.7232522 0.6461846 0.98377204
0 154 6.0 0.9825518 0.71142846 0.5302637 0.8700095 0.7696361
0 154 6.0 0.6796327 0.2242971 0.23959896 0.33851904 0.3492175
0 155 6.0 0.9994461 0.36535728 0.48160654 0.5171253 0.71508664
0 155 6.0 0.99580836 0.4684314 0.722896 0.65402716 0.9829583
0 155 6.0 0.9538538 0.71032137 0.53184986 0.87039334 0.77748585
0 155 6.0 0.7062294 0.2253235 0.24349761 0.3386528 0.3480838
0 156 6.0 0.9996321 0.36529154 0.484766 0.5164738 0.7183678
0 156 6.0 0.99587387 0.46818236 0.72885126 0.6500515 0.9856271
0 156 6.0 0.96883374 0.70962745 0.53441614 0.872557 0.7824363
0 156 6.0 0.6763467 0.22449164 0.24539421 0.33770514 0.34445876
0 157 6.0 0.9998388 0.36399573 0.48580295 0.5192156 0.7249791
0 157 6.0 0.99656135 0.46998265 0.7313063 0.65543807 0.9849634
0 157 6.0 0.97163016 0.7088523 0.5368905 0.87623286 0.79033494
0 157 6.0 0.647141 0.2240666 0.24585879 0.33857974 0.34550434
0 158 6.0 0.9997794 0.36607784 0.48998648 0.5213782 0.7287069
0 158 6.0 0.9953526 0.70715415 0.53968686 0.8814224 0.79644734
0 158 6.0 0.99514526 0.47328162 0.74088603 0.6604848 0.9928288
0 158 6.0 0.6035833 0.22270942 0.24980569 0.34109247 0.3514176
0 159 6.0 0.99979526 0.3681162 0.49187547 0.52149755 0.740218
0 159 6.0 0.9956512 0.7088666 0.54374355 0.88466036 0.8009909
0 159 6.0 0.9841892 0.4746585 0.7500341 0.6569247 0.9886526
0 159 6.0 0.65187585 0.22771224 0.25233376 0.33963838 0.35119134
0 160 6.0 0.9998859 0.36776286 0.4904238 0.5231938 0.74746466
0 160 6.0 0.99619824 0.47606182 0.7536242 0.65213346 0.98985624
0 160 6.0 0.9915639 0.71025836 0.5445489 0.88614404 0.8014037
0 160 6.0 0.7277038 0.22752428 0.25239736 0.33925694 0.34950888
0 161 6.0 0.999713 0.36698198 0.49453077 0.52478534 0.7552583
0 161 6.0 0.99853957 0.47231665 0.75547457 0.65127105 0.9962777
0 161 6.0 0.9945075 0.713069 0.5493252 0.8896614 0.80581737
0 161 6.0 0.7839923 0.2248143 0.25137225 0.33907276 0.35438958
0 162 6.0 0.9990872 0.36909583 0.50260687 0.5265424 0.7592546
0 162 6.0 0.9952819 0.47383273 0.7633679 0.6516944 0.9932171
0 162 6.0 0.9937151 0.71565056 0.5527718 0.8919624 0.8068204
0 162 6.0 0.7984762 0.22417538 0.2507648 0.34105372 0.35753483
0 163 6.0 0.9988488 0.36822522 0.5105831 0.5304188 0.7637566
0 163 6.0 0.99810827 0.47565696 0.7726438 0.6498616 0.9959717
0 163 6.0 0.9489469 0.7201689 0.5606934 0.8934513 0.81399727
0 163 6.0 0.7875552 0.22629373 0.25439444 0.34231406 0.35601
0 164 6.0 0.9985442 0.36447722 0.505962 0.5286728 0.7581551
0 164 6.0 0.9972421 0.47723335 0.7803079 0.6494265 0.9941343
0 164 6.0 0.96766305 0.7219542 0.5755729 0.89846015 0.81510836
0 164 6.0 0.80367225 0.22698335 0.25593114 0.34175134 0.3538108
0 165 6.0 0.9988933 0.47703922 0.78562903 0.6542796 0.9981272
0 165 6.0 0.99880147 0.3713264 0.5172725 0.5283038 0.7601539
0 165 6.0 0.9408694 0.7237888 0.58074576 0.9008612 0.8244031
0 165 6.0 0.771005 0.22712196 0.25669584 0.3402432 0.36031082
0 166 5.0 0.58722156 0.72650385 0.58073705 0.9087901 0.8288489
0 166 6.0 0.9993017 0.36879516 0.51805896 0.53137964 0.76424366
0 166 6.0 0.99717975 0.47784042 0.79411185 0.6562238 1.0003077
0 166 6.0 0.76929414 0.72642154 0.57773834 0.9062434 0.8395303
0 166 6.0 0.7483194 0.22814535 0.25904834 0.34011444 0.36098105
0 167 5.0 0.8271443 0.72426695 0.5758974 0.90974206 0.83919984
0 167 6.0 0.99873513 0.36916098 0.5209397 0.5324657 0.7679951
0 167 6.0 0.9976794 0.47613084 0.79890215 0.6563753 0.9999689
0 167 6.0 0.7638401 0.2289421 0.25817803 0.34177965 0.36052558
0 167 6.0 0.53840685 0.7271056 0.5833072 0.90827906 0.84391886
0 168 5.0 0.5170992 0.72592884 0.58558124 0.9127812 0.83658415
0 168 6.0 0.99950886 0.36985058 0.52629745 0.53292114 0.7730149
0 168 6.0 0.98549473 0.47415486 0.8038912 0.65887046 1.001731
0 168 6.0 0.8890593 0.7308221 0.58206433 0.9111277 0.8427555
0 168 6.0 0.7309718 0.23008998 0.26113147 0.34282658 0.35638875
0 169 5.0 0.86124885 0.73672414 0.5911672 0.9159353 0.84791267
0 169 6.0 0.999549 0.37064397 0.5251505 0.54035574 0.7759746
0 169 6.0 0.9852571 0.47560966 0.7973285 0.6606828 1.0004625
0 169 6.0 0.6840861 0.23010485 0.25910404 0.34194922 0.35864648
0 169 6.0 0.50961065 0.7376314 0.58652514 0.9140542 0.8459862
0 170 5.0 0.8466862 0.7370524 0.5946844 0.9203587 0.8512196
0 170 6.0 0.9996722 0.37086898 0.5289036 0.5351519 0.77679694
0 170 6.0 0.99470466 0.47566074 0.8043425 0.6568578 1.0014944
0 170 6.0 0.699527 0.7388849 0.5886499 0.91586256 0.8500108
0 170 6.0 0.6617294 0.23122528 0.258997 0.34161416 0.36208728
0 171 6.0 0.9998204 0.37101585 0.529019 0.53834385 0.79166234
0 171 6.0 0.9928585 0.47512704 0.8138117 0.65580744 1.0015543
0 171 6.0 0.9434077 0.7379036 0.59180725 0.92386174 0.86062
0 171 6.0 0.65029633 0.2327041 0.2604129 0.34386814 0.36127648
0 172 6.0 0.99978095 0.37451765 0.5304927 0.540303 0.7884986
0 172 6.0 0.9909566 0.47615546 0.8248879 0.6567268 1.0016208
0 172 6.0 0.9449328 0.7425929 0.5926669 0.9223663 0.8604849
0 172 6.0 0.61802757 0.23402974 0.2610022 0.34326604 0.36100122
0 173 6.0 0.9998503 0.37913072 0.5325947 0.5395217 0.79379654
0 173 6.0 0.9810666 0.476668 0.82874113 0.6601808 1.0005198
0 173 6.0 0.9324221 0.7438888 0.59890497 0.9242193 0.85727286
0 173 6.0 0.58518505 0.2343966 0.2564991 0.3419917 0.3617435
0 174 6.0 0.9998411 0.38061026 0.53739196 0.5396061 0.8040157
0 174 6.0 0.9759858 0.7458013 0.6042558 0.92649925 0.8624511
0 174 6.0 0.97488505 0.47568998 0.8350187 0.6616841 1.002361
0 174 6.0 0.57215124 0.23562914 0.25788072 0.34122372 0.3610284
0 175 6.0 0.9997764 0.37855273 0.542843 0.5398936 0.8054701
0 175 6.0 0.98229235 0.4698061 0.8419395 0.6660047 1.0035949
0 175 6.0 0.9685536 0.7501411 0.615096 0.9271279 0.8687103
0 175 6.0 0.62286013 0.23310274 0.25542325 0.34485096 0.36173832
0 176 6.0 0.99955374 0.38096488 0.5455627 0.54075325 0.81407183
0 176 6.0 0.9797617 0.4704718 0.8468183 0.67102665 1.0044664
0 176 6.0 0.7075711 0.75250673 0.61732763 0.93861175 0.8773033
0 176 6.0 0.59940004 0.23463194 0.25975266 0.3456102 0.36198696
0 177 6.0 0.9989837 0.38228354 0.5504738 0.5397012 0.8198594
0 177 6.0 0.9501538 0.48098463 0.8536236 0.6791504 1.0025338
0 177 6.0 0.74699485 0.7558628 0.62261873 0.93383247 0.88327426
0 177 6.0 0.5665802 0.23320629 0.25456566 0.34872693 0.3648138
0 178 6.0 0.9975688 0.3808537 0.56102824 0.5517198 0.81822765
0 178 6.0 0.9542359 0.48294842 0.85334027 0.6770296 1.002812
0 178 6.0 0.8311858 0.76271236 0.6263583 0.94452584 0.88744354
0 178 6.0 0.5888395 0.23362395 0.25302935 0.34732947 0.36359835
0 179 6.0 0.9985286 0.38074848 0.5664282 0.5501991 0.82348955
0 179 6.0 0.93716604 0.4824702 0.85965616 0.67776936 1.0014454
0 179 6.0 0.8987131 0.76583195 0.6311496 0.95214105 0.8906866
0 179 6.0 0.57176596 0.23635776 0.25655466 0.34417456 0.36366975
0 180 6.0 0.9985886 0.38311094 0.5655734 0.55127424 0.82290334
0 180 6.0 0.94906723 0.76789206 0.6359353 0.95679444 0.89687
0 180 6.0 0.91126263 0.47645324 0.8621927 0.6834044 1.0033278
0 180 6.0 0.52567244 0.23785424 0.25929883 0.3426162 0.3631383
0 181 6.0 0.99741673 0.38248688 0.566955 0.5586155 0.8287387
0 181 6.0 0.9829547 0.76713765 0.6374187 0.96072567 0.89943
0 181 6.0 0.74803793 0.48527583 0.8622071 0.68497473 1.0015074
0 181 6.0 0.5665446 0.23664576 0.25498265 0.34569395 0.36318564
0 182 6.0 0.9984542 0.38206455 0.5680167 0.5589632 0.8315969
0 182 6.0 0.9416654 0.76981914 0.6402747 0.96430624 0.8984541
0 182 6.0 0.656044 0.23658264 0.25076538 0.34897947 0.36192936
0 183 6.0 0.9986362 0.38374904 0.5719149 0.5603184 0.83341694
0 183 6.0 0.9622032 0.7724608 0.6420566 0.96490014 0.9078945
0 183 6.0 0.5421126 0.23923138 0.24848332 0.34675714 0.3632237
0 184 6.0 0.9991301 0.3879801 0.5712214 0.55884653 0.8401473
0 184 6.0 0.9827387 0.7728618 0.64277995 0.9697779 0.910197
0 185 6.0 0.99857557 0.38339186 0.5807905 0.55840605 0.8499912
0 185 6.0 0.97097564 0.77608776 0.64711356 0.9710157 0.9114059
0 186 6.0 0.9985877 0.38226455 0.5821694 0.559307 0.8575803
0 186 6.0 0.9850912 0.77384233 0.6488197 0.9725256 0.92368126
0 187 6.0 0.9994578 0.38758504 0.5857481 0.5632892 0.8642733
0 187 6.0 0.9649907 0.77970153 0.6519567 0.97491246 0.9347092
0 188 6.0 0.9992913 0.38503674 0.5895593 0.56254244 0.8680217
0 188 6.0 0.9609923 0.77853394 0.65977246 0.976398 0.94530827
0 189 6.0 0.9992919 0.3876102 0.5914864 0.56557375 0.8711888
0 189 6.0 0.92151177 0.78022444 0.6644318 0.9761505 0.945508
0 190 6.0 0.9993567 0.38837296 0.5938157 0.57084817 0.88297033
0 190 6.0 0.79355997 0.783186 0.6766688 0.9793182 0.95148903
0 191 5.0 0.5527937 0.7852802 0.66073936 0.97927713 0.9653918
0 191 6.0 0.9982199 0.3884672 0.60226667 0.57217664 0.8750689
0 191 6.0 0.7876778 0.7832337 0.6823362 0.9810795 0.96540856
0 192 6.0 0.999027 0.38782406 0.60548055 0.5737263 0.88183165
0 192 6.0 0.9876853 0.7814631 0.6792047 0.9982949 0.9688566
0 193 6.0 0.9996511 0.38647756 0.6113523 0.5741577 0.88809896
0 193 6.0 0.90738577 0.78310776 0.69252264 0.9917166 0.96924114
0 194 6.0 0.9998679 0.38754147 0.61238444 0.57452047 0.901281
0 194 6.0 0.9459017 0.7915559 0.6929637 0.99055254 0.97114575
0 195 6.0 0.99986315 0.3897547 0.6164066 0.5780049 0.905544
0 195 6.0 0.91217536 0.79254705 0.6917112 0.9936307 0.98017967
0 196 6.0 0.9999317 0.3930136 0.62139213 0.5761346 0.9004936
0 196 6.0 0.9579281 0.7899267 0.6953453 0.99899274 0.9869231
0 197 6.0 0.99992144 0.39268285 0.6226863 0.58221895 0.90223247
0 197 6.0 0.9566496 0.79789746 0.70004666 0.99853885 0.9873766
0 198 6.0 0.99989355 0.39433882 0.6258211 0.5803924 0.9044951
0 198 6.0 0.9469835 0.80761844 0.70422095 0.9999085 0.99483687
0 199 6.0 0.9998566 0.3998934 0.62904125 0.58053935 0.9184914
0 199 6.0 0.9742581 0.808866 0.7055026 1.0001514 0.99413455
0 200 6.0 0.99979764 0.398287 0.6335184 0.5843952 0.9243359
0 200 6.0 0.9682989 0.8104366 0.7086338 0.99958754 0.99165726
0 201 6.0 0.9997496 0.40005368 0.6384843 0.5851024 0.9400994
0 201 6.0 0.9743887 0.81152153 0.7202829 0.9982109 0.9939209
0 202 6.0 0.9993262 0.3903162 0.6448229 0.5861651 0.9356157
0 202 6.0 0.975001 0.8149636 0.7235238 0.99788666 0.99401134
0 203 6.0 0.99954456 0.3896675 0.64901304 0.58607036 0.949358
0 203 6.0 0.9647737 0.8176773 0.73043084 0.99789697 0.9958867
0 204 6.0 0.9998864 0.3960827 0.6531734 0.5880262 0.9566712
0 204 6.0 0.9620304 0.8201575 0.7377786 0.9962703 1.0014762
0 205 6.0 0.9996985 0.39849502 0.6659045 0.58839244 0.9567882
0 205 6.0 0.97297716 0.8248689 0.739646 0.9962251 1.0009565
0 206 6.0 0.9994369 0.396045 0.66742206 0.59010094 0.9560894
0 206 6.0 0.987212 0.829902 0.73976237 0.9954849 1.0006235
0 207 6.0 0.9994568 0.40289813 0.6678629 0.5916468 0.9603028
0 207 6.0 0.9851032 0.83177584 0.7470415 0.9964916 0.9979133
0 208 6.0 0.9994081 0.4060511 0.6745666 0.59963757 0.9701501
0 208 6.0 0.97318256 0.8336811 0.7466732 0.99613214 1.0015353
0 209 6.0 0.99948275 0.4056343 0.6761841 0.5982224 0.98126656
0 209 6.0 0.9857232 0.8382172 0.75523573 0.9953216 1.0041491
0 210 6.0 0.99914217 0.40853065 0.6795756 0.60078734 0.98355085
0 210 6.0 0.96891934 0.84319615 0.7580363 0.99474347 1.0018662
0 211 6.0 0.99958664 0.41186163 0.6831652 0.6019349 0.99065864
0 211 6.0 0.9415162 0.84329766 0.7634057 0.99582857 1.0084267
0 212 6.0 0.99954695 0.41671318 0.7035317 0.6045874 0.9879429
0 212 6.0 0.94774985 0.8413422 0.7689892 0.99697685 1.006214
0 213 6.0 0.99960095 0.4137196 0.70466113 0.60490507 0.99239254
0 213 6.0 0.9387336 0.8428116 0.77876264 0.9962213 1.0046017
0 214 6.0 0.9998481 0.41624677 0.7077024 0.6057509 0.9928217
0 214 6.0 0.9504501 0.8438475 0.78176117 0.99671006 1.0044684
0 214 6.0 0.53418547 0.2839925 0.26273322 0.39650956 0.40151644
0 215 6.0 0.9998485 0.4162948 0.7097528 0.6072291 0.99243987
0 215 6.0 0.9627898 0.8497848 0.79275155 0.9964525 1.0031973
0 215 6.0 0.54469204 0.28493893 0.25997585 0.3982764 0.40575653
0 216 6.0 0.9998047 0.41522592 0.7157235 0.60757166 0.9911928
0 216 6.0 0.98964953 0.8507307 0.8004192 0.9971139 1.0028582
0 216 6.0 0.50162315 0.28825605 0.2638209 0.39639127 0.4012488
0 217 6.0 0.9996793 0.4201935 0.72275907 0.61344784 0.98762673
0 217 6.0 0.9783357 0.85576206 0.80640596 0.99634427 1.0094424
0 217 6.0 0.69929993 0.28663942 0.25778443 0.40230492 0.4077919
0 218 6.0 0.9996618 0.41812 0.7278969 0.61306655 0.9896523
0 218 6.0 0.94640774 0.8640925 0.8077657 0.9965572 1.0131246
0 218 6.0 0.74933684 0.28501862 0.25657597 0.40452033 0.40992776
0 219 6.0 0.9996321 0.42014 0.72846127 0.6116146 0.9848802
0 219 6.0 0.95126 0.8637722 0.8128307 0.99437183 1.0140861
0 219 6.0 0.64440453 0.2863485 0.25776485 0.40245995 0.4087735
0 220 6.0 0.9986273 0.4202723 0.73023605 0.61339635 0.98385346
0 220 6.0 0.93205637 0.86482346 0.8134885 0.99380314 1.0135733
0 220 6.0 0.74622095 0.2862419 0.25496602 0.402336 0.41116786
0 221 6.0 0.998602 0.41864198 0.733228 0.6218808 0.98530084
0 221 6.0 0.89085287 0.8613355 0.81686795 0.99477184 1.0112747
0 221 6.0 0.6366309 0.29057893 0.26048973 0.40337643 0.4080669
0 222 6.0 0.9980148 0.42190653 0.7371978 0.62802845 0.9869036
0 222 6.0 0.7076663 0.86669123 0.8177387 0.9948225 1.0153421
0 222 6.0 0.6773226 0.2906919 0.26077086 0.40350467 0.41007203
0 223 6.0 0.9946095 0.42228502 0.7477189 0.62606496 0.9906778
0 223 6.0 0.70785224 0.28992897 0.26257762 0.40291417 0.41432324
0 223 6.0 0.58637035 0.87211865 0.8365884 0.9985189 0.99726045
0 224 6.0 0.99619603 0.42472398 0.7528578 0.62875354 0.9939991
0 224 6.0 0.70082736 0.2902901 0.25904262 0.40355137 0.41473746
0 224 6.0 0.62839216 0.87474513 0.843537 0.9994534 0.9944221
0 225 6.0 0.9969062 0.42471084 0.7586063 0.63019276 0.9899787
0 225 6.0 0.7954101 0.86695147 0.84705323 1.0013002 1.0025853
0 225 6.0 0.5637448 0.29046094 0.2607247 0.4032957 0.41254172
0 226 6.0 0.99805176 0.42409486 0.7660643 0.6327973 0.9913926
0 226 6.0 0.79974306 0.8730492 0.8503384 1.0037818 1.0038526
0 226 6.0 0.6183083 0.29064023 0.2556708 0.40515137 0.420267
0 227 6.0 0.99762326 0.42661625 0.77234745 0.6347006 0.9920713
0 227 6.0 0.73519033 0.8736065 0.8540639 1.0045851 1.0036702
0 227 6.0 0.5366266 0.29219687 0.26210457 0.40455008 0.4194709
0 228 6.0 0.9986866 0.43010402 0.7787255 0.6360198 0.9936913
0 228 6.0 0.57202786 0.8824982 0.85986876 1.0021178 1.0011958
0 228 6.0 0.52892303 0.29092544 0.26564747 0.4057436 0.41659576
0 229 6.0 0.9971367 0.42746717 0.7873753 0.6399501 0.99767464
0 229 6.0 0.56541693 0.28436336 0.26933 0.41039953 0.43346325
0 230 6.0 0.99371874 0.42528754 0.7933539 0.6440155 0.9949367
0 231 6.0 0.9889417 0.42996767 0.79340875 0.64516425 0.9969976
0 231 6.0 0.5256549 0.2864093 0.27185443 0.41101655 0.4387547
0 232 6.0 0.9935969 0.42729908 0.7951183 0.64360446 0.99778396
0 232 6.0 0.5905767 0.28615162 0.2790408 0.4160371 0.43509734
0 233 6.0 0.9947423 0.4296076 0.80215454 0.64657927 0.99482775
0 234 6.0 0.9954904 0.42437685 0.8106629 0.64865863 0.99583703
0 234 6.0 0.5110794 0.29451248 0.28240693 0.41577014 0.437266
0 235 6.0 0.99372053 0.42711473 0.81684214 0.6508424 0.99406344
0 235 6.0 0.55564994 0.29495823 0.28249806 0.418671 0.43969202
0 236 6.0 0.9871832 0.43047363 0.8248195 0.6477607 0.9938547
0 236 6.0 0.72136205 0.29805034 0.2673425 0.42144275 0.44136703
0 237 6.0 0.9864227 0.43143404 0.8293322 0.6505593 0.99451214
0 238 6.0 0.95497507 0.4310829 0.832201 0.65270776 0.99163425
0 239 6.0 0.9696367 0.4217221 0.83846116 0.655549 0.9983629
0 239 6.0 0.6268149 0.2969111 0.28202164 0.42445847 0.44393015
0 240 6.0 0.978357 0.43217248 0.8461547 0.6614842 0.99980175
0 240 6.0 0.5958763 0.29963216 0.27844787 0.42536822 0.4413802
0 241 6.0 0.9883559 0.43722793 0.849654 0.6600312 1.0022156
0 241 6.0 0.7085883 0.29958722 0.28014588 0.42522278 0.4469955
0 242 6.0 0.98351145 0.44082722 0.8569116 0.6564845 1.0019114
0 243 6.0 0.9571996 0.4373669 0.86014885 0.66090137 1.0039104
0 244 6.0 0.712113 0.4388131 0.86556315 0.6578654 1.0040127
0 245 6.0 0.64438856 0.44090673 0.8673894 0.66225326 1.0046092
0 246 6.0 0.51457965 0.44065198 0.87299865 0.6796644 1.0066046
0 247 6.0 0.5278108 0.2981481 0.3134424 0.4261948 0.45521265
0 248 6.0 0.52519196 0.29974502 0.3060717 0.42623842 0.45603102
0 249 6.0 0.50395274 0.30671033 0.30766082 0.43073437 0.45703954
